0 2010-10-17T01:48:53Z 39.7477 -104.993 0
0 2010-10-17T01:48:53Z 39.7477 -104.993 0
0 2010-10-17T01:48:53Z 39.7477 -104.993 0
0 2010-10-14T18:25:51Z 39.7505 -104.999 3
0 2010-10-14T18:25:51Z 39.7505 -104.999 3
0 2010-10-17T01:48:53Z 39.7477 -104.993 0
0 2010-10-16T06:02:04Z 39.8914 -105.071 1
0 2010-10-16T06:02:04Z 39.8914 -105.071 1
0 2010-10-16T06:02:04Z 39.8914 -105.071 1
0 2010-10-16T06:02:04Z 39.8914 -105.071 1
0 2010-10-06T00:19:01Z 39.6857 -104.939 15
0 2010-10-16T06:02:04Z 39.8914 -105.071 1
0 2010-10-16T06:02:04Z 39.8914 -105.071 1
0 2010-10-16T03:48:54Z 39.8911 -105.069 2
0 2010-10-16T03:48:54Z 39.8911 -105.069 2
0 2010-08-11T11:46:12Z 35.6916 139.704 27
0 2010-10-14T18:25:51Z 39.7505 -104.999 3
0 2010-10-14T18:25:51Z 39.7505 -104.999 3
0 2010-10-14T18:25:51Z 39.7505 -104.999 3
0 2010-10-14T18:25:51Z 39.7505 -104.999 3
0 2010-10-14T18:25:51Z 39.7505 -104.999 3
0 2010-10-14T18:25:51Z 39.7505 -104.999 3
0 2010-10-14T18:25:51Z 39.7505 -104.999 3
0 2010-10-14T00:21:47Z 39.7527 -104.996 4
0 2010-10-06T00:19:01Z 39.6857 -104.939 15
0 2010-10-06T00:19:01Z 39.6857 -104.939 15
0 2010-10-14T00:21:47Z 39.7527 -104.996 4
0 2010-07-14T00:21:47Z 39.7527 -104.996 4
0 2010-07-14T00:21:47Z 39.7527 -104.996 4
0 2010-07-14T00:21:47Z 39.7527 -104.996 4
0 2010-07-06T00:19:01Z 39.6857 -104.939 15
0 2010-06-06T00:19:01Z 39.6857 -104.939 15
0 2010-06-06T00:19:01Z 39.6857 -104.939 15
0 2010-08-15T07:07:38Z 35.5969 139.667 23
0 2010-08-11T11:46:12Z 35.6916 139.704 27
0 2010-08-11T11:46:12Z 35.6916 139.704 27
0 2010-08-11T11:46:12Z 35.6916 139.704 27
0 2010-08-11T11:46:12Z 35.6916 139.704 27
0 2010-08-11T11:46:12Z 35.6916 139.704 27
0 2010-08-11T11:46:12Z 35.6916 139.704 27
0 2010-10-11T11:46:12Z 35.6916 139.704 27
0 2010-11-08T13:56:31Z 35.6324 139.707 35
0 2010-11-08T13:56:31Z 35.6324 139.707 35
0 2010-11-08T13:56:31Z 35.6324 139.707 35
0 2010-11-08T13:56:31Z 35.6324 139.707 35
0 2010-12-08T13:56:31Z 35.6324 139.707 35
0 2010-12-08T13:56:31Z 35.6324 139.707 35
0 2010-12-08T13:56:31Z 35.6324 139.707 35
0 2010-08-08T13:56:31Z 35.6324 139.707 35
0 2010-08-08T13:56:31Z 35.6324 139.707 35
0 2010-08-08T13:56:31Z 35.6324 139.707 35
0 2010-08-08T13:56:31Z 35.6324 139.707 35
0 2010-08-08T13:56:31Z 35.6324 139.707 35
0 2010-08-08T13:56:31Z 35.6324 139.707 35
0 2010-08-03T06:49:16Z 35.6754 139.763 41
0 2010-09-03T06:49:16Z 35.6754 139.763 41
0 2010-08-03T05:23:08Z 35.6811 139.764 42
1 2010-10-16T06:02:04Z 39.8914 -105.071 1
1 2010-10-16T06:02:04Z 39.8914 -105.071 1
1 2010-10-16T06:02:04Z 39.8914 -105.071 1
1 2010-10-16T06:02:04Z 39.8914 -105.071 1
1 2010-10-16T06:02:04Z 39.8914 -105.071 1
1 2010-10-16T06:02:04Z 39.8914 -105.071 1
1 2010-10-16T06:02:04Z 39.8914 -105.071 1
1 2010-10-16T06:02:04Z 39.8914 -105.071 1
1 2010-10-16T06:02:04Z 39.8914 -105.071 1
1 2010-10-14T00:21:47Z 39.7527 -104.996 4
1 2010-10-14T18:25:51Z 39.7505 -104.999 3
1 2010-10-14T18:25:51Z 39.7505 -104.999 3
1 2010-10-14T18:25:51Z 39.7505 -104.999 3
1 2010-10-14T18:25:51Z 39.7505 -104.999 3
1 2010-10-14T18:25:51Z 39.7505 -104.999 3
1 2010-10-14T18:25:51Z 39.7505 -104.999 3
1 2010-10-14T18:25:51Z 39.7505 -104.999 3
1 2010-10-13T16:41:35Z 39.759 -105.011 7
1 2010-10-13T16:41:35Z 39.759 -105.011 7
1 2010-10-13T16:41:35Z 39.759 -105.011 7
1 2010-10-14T00:21:47Z 39.7527 -104.996 4
1 2010-10-14T00:21:47Z 39.7527 -104.996 4
1 2010-10-14T00:21:47Z 39.7527 -104.996 4
1 2010-10-14T00:21:47Z 39.7527 -104.996 4
1 2010-10-13T23:31:51Z 39.7525 -104.997 5
1 2010-02-13T23:31:51Z 39.7525 -104.997 5
1 2010-02-13T23:31:51Z 39.7525 -104.997 5
1 2010-10-13T23:31:51Z 39.7525 -104.997 5
1 2010-06-13T23:31:51Z 39.7525 -104.997 5
1 2010-10-13T16:41:35Z 39.759 -105.011 7
1 2010-08-13T16:41:35Z 39.759 -105.011 7
1 2010-09-13T16:41:35Z 39.759 -105.011 7
1 2010-09-13T03:57:23Z 39.827 -105.143 8
1 2010-10-08T03:33:37Z 39.759 -105.011 11
1 2010-10-08T03:33:37Z 39.759 -105.011 11
1 2010-08-15T07:07:38Z 35.5969 139.667 23
1 2010-08-15T07:07:38Z 35.5969 139.667 23
1 2008-06-20T17:53:14Z 34.0634 -118.365 24
1 2008-06-20T17:53:14Z 34.0634 -118.365 24
1 2008-06-20T17:53:14Z 34.0634 -118.365 24
1 2010-08-11T11:46:12Z 35.6916 139.704 27
1 2010-08-11T11:46:12Z 35.6916 139.704 27
1 2010-08-11T11:46:12Z 35.6916 139.704 27
1 2010-08-11T11:46:12Z 35.6916 139.704 27
1 2010-08-11T11:46:12Z 35.6916 139.704 27
1 2010-08-11T11:46:12Z 35.6916 139.704 27
1 2010-08-11T11:46:12Z 35.6916 139.704 27
1 2010-08-11T11:46:12Z 35.6916 139.704 27
1 2010-08-11T11:46:12Z 35.6916 139.704 27
1 2010-08-11T11:46:12Z 35.6916 139.704 27
1 2010-08-11T11:46:12Z 35.6916 139.704 27
1 2010-08-11T11:46:12Z 35.6916 139.704 27
1 2010-08-11T11:46:12Z 35.6916 139.704 27
1 2010-08-11T11:46:12Z 35.6916 139.704 27
1 2010-08-11T11:46:12Z 35.6916 139.704 27
1 2010-08-11T11:46:12Z 35.6916 139.704 27
1 2010-08-11T11:46:12Z 35.6916 139.704 27
1 2009-06-16T03:43:42Z 35.3669 -119.051 45
1 2009-06-16T03:43:42Z 35.3669 -119.051 45
1 2009-06-16T03:43:42Z 35.3669 -119.051 45
1 2009-06-16T03:43:42Z 35.3669 -119.051 45
1 2009-06-16T03:43:42Z 35.3669 -119.051 45
1 2009-06-16T03:43:42Z 35.3669 -119.051 45
1 2009-06-16T03:43:42Z 35.3669 -119.051 45
1 2010-08-08T13:56:31Z 35.6324 139.707 35
1 2010-08-08T13:56:31Z 35.6324 139.707 35
1 2010-08-08T13:56:31Z 35.6324 139.707 35
1 2010-08-08T13:56:31Z 35.6324 139.707 35
1 2010-08-08T13:56:31Z 35.6324 139.707 35
1 2010-08-08T13:56:31Z 35.6324 139.707 35
1 2010-08-08T13:56:31Z 35.6324 139.707 35
1 2010-08-08T13:56:31Z 35.6324 139.707 35
1 2010-08-08T13:56:31Z 35.6324 139.707 35
1 2010-08-08T13:56:31Z 35.6324 139.707 35
1 2010-08-08T13:56:31Z 35.6324 139.707 35
1 2010-08-08T13:56:31Z 35.6324 139.707 35
1 2010-08-08T13:56:31Z 35.6324 139.707 35
1 2010-08-08T13:56:31Z 35.6324 139.707 35
1 2010-08-08T13:56:31Z 35.6324 139.707 35
1 2010-08-08T13:56:31Z 35.6324 139.707 35
1 2010-08-08T13:56:31Z 35.6324 139.707 35
1 2010-08-08T13:56:31Z 35.6324 139.707 35
1 2010-08-08T13:56:31Z 35.6324 139.707 35
1 2010-08-08T13:56:31Z 35.6324 139.707 35
1 2010-08-08T13:56:31Z 35.6324 139.707 35
1 2010-08-08T13:56:31Z 35.6324 139.707 35
1 2010-08-08T13:56:31Z 35.6324 139.707 35
1 2010-08-08T13:56:31Z 35.6324 139.707 35
1 2009-06-16T04:07:41Z 35.3331 -119.063 43
2 2010-01-17T01:48:53Z 39.7477 -104.993 0
2 2010-01-17T01:48:53Z 39.7477 -104.993 0
2 2010-01-17T01:48:53Z 39.7477 -104.993 0
2 2010-01-17T01:48:53Z 39.7477 -104.993 0
2 2010-01-17T01:48:53Z 39.7477 -104.993 0
2 2010-01-17T01:48:53Z 39.7477 -104.993 0
2 2010-03-17T01:48:53Z 39.7477 -104.993 0
2 2010-03-17T01:48:53Z 39.7477 -104.993 0
2 2010-03-17T01:48:53Z 39.7477 -104.993 0
2 2010-03-17T01:48:53Z 39.7477 -104.993 0
2 2010-03-17T01:48:53Z 39.7477 -104.993 0
2 2010-01-17T01:48:53Z 39.7477 -104.993 0
2 2010-01-17T01:48:53Z 39.7477 -104.993 0
2 2010-02-17T01:48:53Z 39.7477 -104.993 0
2 2010-02-17T01:48:53Z 39.7477 -104.993 0
2 2010-02-17T01:48:53Z 39.7477 -104.993 0
2 2010-02-17T01:48:53Z 39.7477 -104.993 0
2 2010-02-17T01:48:53Z 39.7477 -104.993 0
2 2010-03-17T01:48:53Z 39.7477 -104.993 0
2 2010-03-17T01:48:53Z 39.7477 -104.993 0
2 2010-03-17T01:48:53Z 39.7477 -104.993 0
2 2010-05-17T01:48:53Z 39.7477 -104.993 0
2 2010-05-17T01:48:53Z 39.7477 -104.993 0
2 2010-05-17T01:48:53Z 39.7477 -104.993 0
2 2010-05-14T18:25:51Z 39.7505 -104.999 3
2 2010-07-14T18:25:51Z 39.7505 -104.999 3
2 2010-07-14T18:25:51Z 39.7505 -104.999 3
2 2010-07-13T20:05:43Z 39.7513 -105 6
2 2010-08-13T20:05:43Z 39.7513 -105 6
2 2010-10-13T20:05:43Z 39.7513 -105 6
2 2010-10-13T20:05:43Z 39.7513 -105 6
2 2010-10-13T20:05:43Z 39.7513 -105 6
2 2010-10-13T20:05:43Z 39.7513 -105 6
2 2010-10-13T20:05:43Z 39.7513 -105 6
2 2010-10-13T20:05:43Z 39.7513 -105 6
2 2010-10-13T20:05:43Z 39.7513 -105 6
2 2010-10-13T20:05:43Z 39.7513 -105 6
2 2010-10-13T20:05:43Z 39.7513 -105 6
2 2010-10-13T23:31:51Z 39.7525 -104.997 5
2 2010-10-13T23:31:51Z 39.7525 -104.997 5
2 2010-10-13T16:41:35Z 39.759 -105.011 7
2 2010-10-13T16:41:35Z 39.759 -105.011 7
2 2010-10-13T16:41:35Z 39.759 -105.011 7
2 2010-10-13T16:41:35Z 39.759 -105.011 7
2 2010-10-13T03:57:23Z 39.827 -105.143 8
2 2010-11-13T03:57:23Z 39.827 -105.143 8
2 2010-11-13T03:57:23Z 39.827 -105.143 8
2 2010-11-13T03:57:23Z 39.827 -105.143 8
2 2010-11-13T03:57:23Z 39.827 -105.143 8
2 2010-11-13T03:57:23Z 39.827 -105.143 8
2 2010-11-13T03:57:23Z 39.827 -105.143 8
2 2010-08-15T07:07:38Z 35.5969 139.667 23
2 2010-08-15T07:07:38Z 35.5969 139.667 23
2 2010-08-15T07:07:38Z 35.5969 139.667 23
2 2009-06-16T04:07:41Z 35.3331 -119.063 43
2 2009-06-16T04:07:41Z 35.3331 -119.063 43
2 2009-06-16T04:07:41Z 35.3331 -119.063 43
2 2009-06-16T04:07:41Z 35.3331 -119.063 43
3 2010-10-16T06:02:04Z 39.8914 -105.071 1
3 2010-10-16T06:02:04Z 39.8914 -105.071 1
3 2010-10-16T06:02:04Z 39.8914 -105.071 1
3 2010-10-16T06:02:04Z 39.8914 -105.071 1
3 2010-10-16T06:02:04Z 39.8914 -105.071 1
3 2010-10-16T06:02:04Z 39.8914 -105.071 1
3 2010-10-16T06:02:04Z 39.8914 -105.071 1
3 2010-10-16T06:02:04Z 39.8914 -105.071 1
3 2010-10-16T06:02:04Z 39.8914 -105.071 1
3 2010-10-16T06:02:04Z 39.8914 -105.071 1
3 2010-10-16T06:02:04Z 39.8914 -105.071 1
3 2010-08-15T07:07:38Z 35.5969 139.667 23
3 2010-08-15T07:07:38Z 35.5969 139.667 23
3 2009-06-16T03:43:42Z 35.3669 -119.051 45
3 2009-06-16T03:43:42Z 35.3669 -119.051 45
3 2009-06-16T03:43:42Z 35.3669 -119.051 45
4 2010-10-16T06:02:04Z 39.8914 -105.071 1
4 2010-10-16T06:02:04Z 39.8914 -105.071 1
4 2010-10-16T06:02:04Z 39.8914 -105.071 1
4 2010-11-16T06:02:04Z 39.8914 -105.071 1
4 2010-11-13T16:41:35Z 39.759 -105.011 7
4 2010-11-13T16:41:35Z 39.759 -105.011 7
4 2010-10-13T16:41:35Z 39.759 -105.011 7
4 2010-10-13T16:41:35Z 39.759 -105.011 7
4 2010-10-13T16:41:35Z 39.759 -105.011 7
4 2010-10-13T16:41:35Z 39.759 -105.011 7
4 2010-12-13T16:41:35Z 39.759 -105.011 7
4 2010-12-13T16:41:35Z 39.759 -105.011 7
4 2010-12-13T16:41:35Z 39.759 -105.011 7
4 2010-12-13T16:41:35Z 39.759 -105.011 7
4 2010-12-13T16:41:35Z 39.759 -105.011 7
4 2010-11-13T16:41:35Z 39.759 -105.011 7
4 2010-11-13T16:41:35Z 39.759 -105.011 7
4 2010-12-13T16:41:35Z 39.759 -105.011 7
4 2010-12-13T16:41:35Z 39.759 -105.011 7
4 2010-10-13T16:41:35Z 39.759 -105.011 7
4 2010-10-13T16:41:35Z 39.759 -105.011 7
4 2010-02-13T16:41:35Z 39.759 -105.011 7
4 2010-02-13T16:41:35Z 39.759 -105.011 7
4 2010-02-13T16:41:35Z 39.759 -105.011 7
4 2010-02-13T16:41:35Z 39.759 -105.011 7
4 2010-02-13T03:57:23Z 39.827 -105.143 8
4 2010-03-13T03:57:23Z 39.827 -105.143 8
4 2010-03-13T03:57:23Z 39.827 -105.143 8
4 2010-03-13T03:57:23Z 39.827 -105.143 8
4 2010-03-13T03:57:23Z 39.827 -105.143 8
4 2010-04-13T03:57:23Z 39.827 -105.143 8
4 2010-04-13T03:57:23Z 39.827 -105.143 8
4 2010-04-13T03:57:23Z 39.827 -105.143 8
4 2010-04-12T19:56:49Z 39.7499 -105 9
4 2010-05-12T19:56:49Z 39.7499 -105 9
4 2010-05-12T19:56:49Z 39.7499 -105 9
4 2010-05-12T19:56:49Z 39.7499 -105 9
4 2010-05-11T02:51:09Z 39.8911 -105.069 10
4 2010-11-11T02:51:09Z 39.8911 -105.069 10
4 2010-11-11T02:51:09Z 39.8911 -105.069 10
4 2010-05-11T02:51:09Z 39.8911 -105.069 10
4 2010-06-11T02:51:09Z 39.8911 -105.069 10
4 2010-06-11T02:51:09Z 39.8911 -105.069 10
4 2010-06-11T02:51:09Z 39.8911 -105.069 10
4 2010-10-08T03:33:37Z 39.759 -105.011 11
4 2010-10-08T03:33:37Z 39.759 -105.011 11
4 2010-10-08T03:33:37Z 39.759 -105.011 11
4 2010-10-08T00:38:51Z 39.7472 -104.995 12
4 2010-10-08T00:38:51Z 39.7472 -104.995 12
4 2010-10-08T00:38:51Z 39.7472 -104.995 12
4 2009-07-11T02:47:05Z 34.1461 -118.094 13
4 2010-10-06T17:50:31Z 39.7477 -104.999 14
4 2010-10-06T17:50:31Z 39.7477 -104.999 14
4 2010-10-06T00:19:01Z 39.6857 -104.939 15
4 2010-08-11T11:46:12Z 35.6916 139.704 27
4 2010-08-08T13:56:31Z 35.6324 139.707 35
4 2010-08-08T13:56:31Z 35.6324 139.707 35
4 2010-08-08T13:56:31Z 35.6324 139.707 35
4 2010-08-08T13:56:31Z 35.6324 139.707 35
4 2010-08-08T13:56:31Z 35.6324 139.707 35
4 2010-08-08T13:56:31Z 35.6324 139.707 35
5 2010-01-16T06:02:04Z 39.8914 -105.071 1
5 2010-01-14T00:21:47Z 39.7527 -104.996 4
5 2010-02-14T00:21:47Z 39.7527 -104.996 4
5 2010-02-14T00:21:47Z 39.7527 -104.996 4
5 2010-02-07T23:38:04Z 39.7525 -104.997 5
5 2010-02-07T23:38:04Z 39.7525 -104.997 5
5 2010-03-07T23:38:04Z 39.7525 -104.997 5
5 2010-03-07T23:38:04Z 39.7525 -104.997 5
5 2010-03-13T20:05:43Z 39.7513 -105 6
5 2010-03-13T20:05:43Z 39.7513 -105 6
5 2010-03-13T20:05:43Z 39.7513 -105 6
5 2010-04-13T20:05:43Z 39.7513 -105 6
5 2010-04-13T20:05:43Z 39.7513 -105 6
5 2010-04-05T18:27:11Z 39.7522 -104.999 16
5 2010-05-05T18:27:11Z 39.7522 -104.999 16
5 2010-06-05T18:27:11Z 39.7522 -104.999 16
5 2010-10-05T18:27:11Z 39.7522 -104.999 16
5 2010-10-05T18:27:11Z 39.7522 -104.999 16
5 2010-10-05T18:27:11Z 39.7522 -104.999 16
5 2010-10-05T18:27:11Z 39.7522 -104.999 16
5 2010-10-05T18:27:11Z 39.7522 -104.999 16
5 2010-11-05T18:27:11Z 39.7522 -104.999 16
5 2010-11-05T18:27:11Z 39.7522 -104.999 16
5 2010-11-05T18:27:11Z 39.7522 -104.999 16
5 2010-11-05T18:27:11Z 39.7522 -104.999 16
5 2010-12-05T18:27:11Z 39.7522 -104.999 16
5 2010-12-05T18:27:11Z 39.7522 -104.999 16
5 2010-12-05T18:27:11Z 39.7522 -104.999 16
5 2010-12-05T18:27:11Z 39.7522 -104.999 16
5 2010-12-05T18:27:11Z 39.7522 -104.999 16
5 2010-12-05T18:27:11Z 39.7522 -104.999 16
5 2010-12-05T18:27:11Z 39.7522 -104.999 16
5 2010-12-05T18:27:11Z 39.7522 -104.999 16
5 2010-10-05T18:27:11Z 39.7522 -104.999 16
5 2010-10-05T18:27:11Z 39.7522 -104.999 16
5 2010-10-05T18:27:11Z 39.7522 -104.999 16
5 2010-10-05T18:27:11Z 39.7522 -104.999 16
5 2010-10-05T18:27:11Z 39.7522 -104.999 16
5 2010-08-15T07:07:38Z 35.5969 139.667 23
5 2010-08-15T07:07:38Z 35.5969 139.667 23
5 2010-08-15T07:07:38Z 35.5969 139.667 23
5 2010-08-15T07:07:38Z 35.5969 139.667 23
6 2008-06-20T17:53:14Z 34.0634 -118.365 24
6 2008-06-20T17:53:14Z 34.0634 -118.365 24
6 2008-06-20T17:53:14Z 34.0634 -118.365 24
6 2008-06-20T17:53:14Z 34.0634 -118.365 24
6 2008-06-20T17:53:14Z 34.0634 -118.365 24
6 2008-06-20T17:53:14Z 34.0634 -118.365 24
6 2008-06-20T17:53:14Z 34.0634 -118.365 24
6 2010-08-11T11:46:12Z 35.6916 139.704 27
6 2010-08-08T13:56:31Z 35.6324 139.707 35
6 2010-08-03T06:49:16Z 35.6754 139.763 41
6 2010-08-03T05:23:08Z 35.6811 139.764 42
6 2010-08-03T05:23:08Z 35.6811 139.764 42
6 2010-10-03T05:23:08Z 35.6811 139.764 42
6 2009-10-16T04:07:41Z 35.3331 -119.063 43
6 2009-10-16T04:07:41Z 35.3331 -119.063 43
6 2009-12-16T04:07:41Z 35.3331 -119.063 43
6 2009-12-16T04:07:41Z 35.3331 -119.063 43
6 2009-12-16T04:07:41Z 35.3331 -119.063 43
6 2009-11-16T03:43:42Z 35.3669 -119.051 45
6 2009-11-16T03:43:42Z 35.3669 -119.051 45
6 2009-11-16T03:43:42Z 35.3669 -119.051 45
7 2010-10-17T01:48:53Z 39.7477 -104.993 0
7 2010-10-17T01:48:53Z 39.7477 -104.993 0
7 2010-10-07T23:38:04Z 39.7525 -104.997 5
7 2010-10-07T23:38:04Z 39.7525 -104.997 5
7 2010-10-07T23:38:04Z 39.7525 -104.997 5
7 2010-10-07T23:38:04Z 39.7525 -104.997 5
7 2010-10-13T20:05:43Z 39.7513 -105 6
7 2010-10-13T20:05:43Z 39.7513 -105 6
7 2010-10-13T20:05:43Z 39.7513 -105 6
7 2010-10-13T20:05:43Z 39.7513 -105 6
7 2010-10-13T20:05:43Z 39.7513 -105 6
7 2010-10-13T20:05:43Z 39.7513 -105 6
7 2010-10-13T20:05:43Z 39.7513 -105 6
7 2010-10-13T20:05:43Z 39.7513 -105 6
7 2010-10-13T20:05:43Z 39.7513 -105 6
7 2010-10-13T20:05:43Z 39.7513 -105 6
7 2010-10-13T20:05:43Z 39.7513 -105 6
7 2010-10-13T20:05:43Z 39.7513 -105 6
7 2010-10-13T20:05:43Z 39.7513 -105 6
7 2010-11-13T20:05:43Z 39.7513 -105 6
7 2010-11-13T20:05:43Z 39.7513 -105 6
7 2010-11-13T20:05:43Z 39.7513 -105 6
7 2010-11-13T20:05:43Z 39.7513 -105 6
7 2010-11-13T20:05:43Z 39.7513 -105 6
7 2010-10-13T20:05:43Z 39.7513 -105 6
7 2010-12-13T20:05:43Z 39.7513 -105 6
7 2010-12-13T20:05:43Z 39.7513 -105 6
7 2010-12-13T20:05:43Z 39.7513 -105 6
7 2010-12-13T20:05:43Z 39.7513 -105 6
7 2010-12-13T20:05:43Z 39.7513 -105 6
7 2010-12-13T20:05:43Z 39.7513 -105 6
7 2010-10-13T03:57:23Z 39.827 -105.143 8
7 2010-10-13T03:57:23Z 39.827 -105.143 8
7 2010-10-11T02:51:09Z 39.8911 -105.069 10
7 2010-10-11T02:51:09Z 39.8911 -105.069 10
7 2010-10-11T02:51:09Z 39.8911 -105.069 10
7 2010-10-11T02:51:09Z 39.8911 -105.069 10
7 2010-10-11T02:51:09Z 39.8911 -105.069 10
7 2010-10-08T03:33:37Z 39.759 -105.011 11
7 2010-10-08T03:33:37Z 39.759 -105.011 11
7 2010-10-08T03:33:37Z 39.759 -105.011 11
7 2010-10-05T18:27:11Z 39.7522 -104.999 16
7 2010-12-05T18:27:11Z 39.7522 -104.999 16
7 2010-12-05T18:27:11Z 39.7522 -104.999 16
7 2010-12-05T18:27:11Z 39.7522 -104.999 16
7 2010-10-05T18:27:11Z 39.7522 -104.999 16
7 2010-10-05T18:27:11Z 39.7522 -104.999 16
7 2010-10-05T18:27:11Z 39.7522 -104.999 16
7 2010-08-11T11:46:12Z 35.6916 139.704 27
7 2010-08-11T11:46:12Z 35.6916 139.704 27
7 2010-08-11T11:46:12Z 35.6916 139.704 27
7 2010-08-11T11:46:12Z 35.6916 139.704 27
7 2010-08-03T06:49:16Z 35.6754 139.763 41
7 2010-08-03T06:49:16Z 35.6754 139.763 41
7 2010-08-03T06:49:16Z 35.6754 139.763 41
7 2010-08-03T06:49:16Z 35.6754 139.763 41
7 2010-08-03T06:49:16Z 35.6754 139.763 41
7 2010-08-03T06:49:16Z 35.6754 139.763 41
7 2010-08-03T06:49:16Z 35.6754 139.763 41
7 2009-06-16T03:43:42Z 35.3669 -119.051 45
8 2010-06-14T18:25:51Z 39.7505 -104.999 3
8 2010-06-13T20:05:43Z 39.7513 -105 6
8 2010-08-06T00:19:01Z 39.6857 -104.939 15
8 2010-08-06T00:19:01Z 39.6857 -104.939 15
8 2010-08-13T16:41:35Z 39.759 -105.011 7
8 2010-08-12T19:56:49Z 39.7499 -105 9
8 2010-09-12T19:56:49Z 39.7499 -105 9
8 2010-09-12T19:56:49Z 39.7499 -105 9
8 2010-09-12T19:56:49Z 39.7499 -105 9
8 2010-09-12T19:56:49Z 39.7499 -105 9
8 2010-09-12T19:56:49Z 39.7499 -105 9
8 2010-09-12T19:56:49Z 39.7499 -105 9
8 2010-09-12T19:56:49Z 39.7499 -105 9
8 2010-10-12T19:56:49Z 39.7499 -105 9
8 2010-10-12T19:56:49Z 39.7499 -105 9
8 2010-10-12T19:56:49Z 39.7499 -105 9
8 2010-10-12T19:56:49Z 39.7499 -105 9
8 2010-10-12T19:56:49Z 39.7499 -105 9
8 2010-10-12T19:56:49Z 39.7499 -105 9
8 2010-10-12T19:56:49Z 39.7499 -105 9
8 2010-10-12T19:56:49Z 39.7499 -105 9
8 2010-10-12T19:56:49Z 39.7499 -105 9
8 2010-10-12T19:56:49Z 39.7499 -105 9
8 2010-10-12T19:56:49Z 39.7499 -105 9
8 2010-10-12T19:56:49Z 39.7499 -105 9
8 2010-10-12T19:56:49Z 39.7499 -105 9
8 2010-10-12T19:56:49Z 39.7499 -105 9
8 2010-10-06T00:19:01Z 39.6857 -104.939 15
8 2010-10-06T00:19:01Z 39.6857 -104.939 15
8 2010-10-06T00:19:01Z 39.6857 -104.939 15
8 2008-06-20T17:53:14Z 34.0634 -118.365 24
8 2008-06-20T17:53:14Z 34.0634 -118.365 24
8 2008-06-20T17:53:14Z 34.0634 -118.365 24
8 2009-10-29T15:33:41Z 40.0163 -105.268 51
8 2009-10-29T15:33:41Z 40.0163 -105.268 51
8 2009-10-29T15:33:41Z 40.0163 -105.268 51
8 2009-10-29T15:33:41Z 40.0163 -105.268 51
8 2009-10-29T15:33:41Z 40.0163 -105.268 51
9 2010-10-16T03:48:54Z 39.8911 -105.069 2
9 2010-10-16T03:48:54Z 39.8911 -105.069 2
9 2010-10-16T03:48:54Z 39.8911 -105.069 2
9 2010-10-16T03:48:54Z 39.8911 -105.069 2
9 2010-10-13T20:05:43Z 39.7513 -105 6
9 2010-10-13T20:05:43Z 39.7513 -105 6
9 2010-10-13T20:05:43Z 39.7513 -105 6
9 2010-10-13T20:05:43Z 39.7513 -105 6
9 2010-10-13T20:05:43Z 39.7513 -105 6
9 2010-10-13T20:05:43Z 39.7513 -105 6
9 2010-10-13T20:05:43Z 39.7513 -105 6
9 2010-10-13T16:41:35Z 39.759 -105.011 7
9 2010-10-13T16:41:35Z 39.759 -105.011 7
9 2010-10-13T16:41:35Z 39.759 -105.011 7
9 2010-10-13T16:41:35Z 39.759 -105.011 7
9 2010-10-13T16:41:35Z 39.759 -105.011 7
9 2010-10-13T03:57:23Z 39.827 -105.143 8
9 2010-10-13T03:57:23Z 39.827 -105.143 8
9 2010-11-13T03:57:23Z 39.827 -105.143 8
9 2010-11-13T03:57:23Z 39.827 -105.143 8
10 2010-10-06T00:19:01Z 39.6857 -104.939 15
10 2009-07-11T02:47:05Z 34.1461 -118.094 13
10 2009-07-11T02:47:05Z 34.1461 -118.094 13
10 2009-07-11T02:47:05Z 34.1461 -118.094 13
10 2009-07-11T02:47:05Z 34.1461 -118.094 13
10 2009-07-11T02:47:05Z 34.1461 -118.094 13
10 2009-07-11T02:47:05Z 34.1461 -118.094 13
10 2009-07-11T02:47:05Z 34.1461 -118.094 13
10 2009-07-11T02:47:05Z 34.1461 -118.094 13
10 2009-07-11T02:47:05Z 34.1461 -118.094 13
10 2009-07-11T02:47:05Z 34.1461 -118.094 13
10 2009-07-11T02:47:05Z 34.1461 -118.094 13
10 2009-07-11T02:47:05Z 34.1461 -118.094 13
10 2009-07-11T02:47:05Z 34.1461 -118.094 13
10 2009-07-11T02:47:05Z 34.1461 -118.094 13
10 2009-07-11T02:47:05Z 34.1461 -118.094 13
10 2009-07-11T02:47:05Z 34.1461 -118.094 13
10 2009-07-11T02:47:05Z 34.1461 -118.094 13
10 2009-07-11T02:47:05Z 34.1461 -118.094 13
10 2009-07-11T02:47:05Z 34.1461 -118.094 13
10 2009-07-11T02:47:05Z 34.1461 -118.094 13
10 2009-07-11T02:47:05Z 34.1461 -118.094 13
10 2010-08-11T11:46:12Z 35.6916 139.704 27
10 2010-08-11T11:46:12Z 35.6916 139.704 27
10 2010-08-11T11:46:12Z 35.6916 139.704 27
10 2010-08-11T11:46:12Z 35.6916 139.704 27
10 2010-08-11T11:46:12Z 35.6916 139.704 27
10 2010-10-06T17:50:31Z 39.7477 -104.999 14
10 2010-10-06T17:50:31Z 39.7477 -104.999 14
10 2009-06-16T04:07:41Z 35.3331 -119.063 43
10 2009-06-16T04:07:41Z 35.3331 -119.063 43
10 2009-06-16T04:07:41Z 35.3331 -119.063 43
10 2009-06-16T04:07:41Z 35.3331 -119.063 43
11 2008-06-20T17:53:14Z 34.0634 -118.365 24
11 2008-06-20T17:53:14Z 34.0634 -118.365 24
11 2008-06-20T17:53:14Z 34.0634 -118.365 24
11 2008-06-20T17:53:14Z 34.0634 -118.365 24
11 2010-10-06T00:19:01Z 39.6857 -104.939 15
11 2009-10-29T15:33:41Z 41.0163 -103.268 53
11 2009-10-29T15:33:41Z 41.0163 -103.268 53
11 2010-08-03T05:23:08Z 35.6811 139.764 42
11 2010-08-03T05:23:08Z 35.6811 139.764 42
11 2010-08-03T05:23:08Z 35.6811 139.764 42
11 2010-08-03T05:23:08Z 35.6811 139.764 42
11 2010-08-03T05:23:08Z 35.6811 139.764 42
11 2010-08-03T05:23:08Z 35.6811 139.764 42
11 2009-10-29T15:33:41Z 41.0163 -103.268 53
11 2009-10-29T15:33:41Z 41.0163 -103.268 53
11 2009-10-29T15:33:41Z 41.0163 -103.268 53
11 2009-10-29T15:33:41Z 41.0163 -103.268 53
11 2009-10-29T15:33:41Z 41.0163 -103.268 53
11 2009-10-29T15:33:41Z 41.0163 -103.268 53
11 2009-10-29T15:33:41Z 41.0163 -103.268 53
11 2009-10-29T15:33:41Z 41.0163 -103.268 53
11 2009-10-29T15:33:41Z 41.0163 -103.268 53
11 2009-10-29T15:33:41Z 41.0163 -103.268 53
11 2009-10-29T15:33:41Z 41.0163 -103.268 53
12 2009-07-11T02:47:05Z 34.1461 -118.094 13
12 2009-08-11T02:47:05Z 34.1461 -118.094 13
12 2009-07-11T02:47:05Z 34.1461 -118.094 13
12 2009-09-11T02:47:05Z 34.1461 -118.094 13
12 2009-10-11T02:47:05Z 34.1461 -118.094 13
12 2009-09-11T02:47:05Z 34.1461 -118.094 13
13 2009-09-29T15:33:41Z 40.0163 -105.268 51
13 2009-10-29T15:33:41Z 40.0163 -105.268 51
13 2009-08-29T15:33:41Z 40.0163 -105.268 51
13 2009-10-29T15:33:41Z 40.0163 -105.268 51
13 2010-07-16T03:48:54Z 39.8911 -105.069 2
13 2010-06-16T03:48:54Z 39.8911 -105.069 2
13 2010-09-16T03:48:54Z 39.8911 -105.069 2
13 2010-10-16T03:48:54Z 39.8911 -105.069 2

